index      theta                phi                 

0          [0.000000, 0.057743] [0.000000, 6.283185]
1          [0.057743, 0.163481] [0.000000, 0.897598]
2          [0.057743, 0.163481] [0.897598, 1.795196]
3          [0.057743, 0.163481] [1.795196, 2.692794]
4          [0.057743, 0.163481] [2.692794, 3.590392]
5          [0.057743, 0.163481] [3.590392, 4.487990]
6          [0.057743, 0.163481] [4.487990, 5.385587]
7          [0.057743, 0.163481] [5.385587, 6.283185]
8          [0.163481, 0.258922] [0.000000, 0.523599]
9          [0.163481, 0.258922] [0.523599, 1.047198]
10         [0.163481, 0.258922] [1.047198, 1.570796]
11         [0.163481, 0.258922] [1.570796, 2.094395]
12         [0.163481, 0.258922] [2.094395, 2.617994]
13         [0.163481, 0.258922] [2.617994, 3.141593]
14         [0.163481, 0.258922] [3.141593, 3.665191]
15         [0.163481, 0.258922] [3.665191, 4.188790]
16         [0.163481, 0.258922] [4.188790, 4.712389]
17         [0.163481, 0.258922] [4.712389, 5.235988]
18         [0.163481, 0.258922] [5.235988, 5.759587]
19         [0.163481, 0.258922] [5.759587, 6.283185]
20         [0.258922, 0.362537] [0.000000, 0.330694]
21         [0.258922, 0.362537] [0.330694, 0.661388]
22         [0.258922, 0.362537] [0.661388, 0.992082]
23         [0.258922, 0.362537] [0.992082, 1.322776]
24         [0.258922, 0.362537] [1.322776, 1.653470]
25         [0.258922, 0.362537] [1.653470, 1.984164]
26         [0.258922, 0.362537] [1.984164, 2.314858]
27         [0.258922, 0.362537] [2.314858, 2.645552]
28         [0.258922, 0.362537] [2.645552, 2.976246]
29         [0.258922, 0.362537] [2.976246, 3.306940]
30         [0.258922, 0.362537] [3.306940, 3.637634]
31         [0.258922, 0.362537] [3.637634, 3.968328]
32         [0.258922, 0.362537] [3.968328, 4.299022]
33         [0.258922, 0.362537] [4.299022, 4.629715]
34         [0.258922, 0.362537] [4.629715, 4.960409]
35         [0.258922, 0.362537] [4.960409, 5.291103]
36         [0.258922, 0.362537] [5.291103, 5.621797]
37         [0.258922, 0.362537] [5.621797, 5.952491]
38         [0.258922, 0.362537] [5.952491, 6.283185]
39         [0.362537, 0.462365] [0.000000, 0.261799]
40         [0.362537, 0.462365] [0.261799, 0.523599]
41         [0.362537, 0.462365] [0.523599, 0.785398]
42         [0.362537, 0.462365] [0.785398, 1.047198]
43         [0.362537, 0.462365] [1.047198, 1.308997]
44         [0.362537, 0.462365] [1.308997, 1.570796]
45         [0.362537, 0.462365] [1.570796, 1.832596]
46         [0.362537, 0.462365] [1.832596, 2.094395]
47         [0.362537, 0.462365] [2.094395, 2.356194]
48         [0.362537, 0.462365] [2.356194, 2.617994]
49         [0.362537, 0.462365] [2.617994, 2.879793]
50         [0.362537, 0.462365] [2.879793, 3.141593]
51         [0.362537, 0.462365] [3.141593, 3.403392]
52         [0.362537, 0.462365] [3.403392, 3.665191]
53         [0.362537, 0.462365] [3.665191, 3.926991]
54         [0.362537, 0.462365] [3.926991, 4.188790]
55         [0.362537, 0.462365] [4.188790, 4.450590]
56         [0.362537, 0.462365] [4.450590, 4.712389]
57         [0.362537, 0.462365] [4.712389, 4.974188]
58         [0.362537, 0.462365] [4.974188, 5.235988]
59         [0.362537, 0.462365] [5.235988, 5.497787]
60         [0.362537, 0.462365] [5.497787, 5.759587]
61         [0.362537, 0.462365] [5.759587, 6.021386]
62         [0.362537, 0.462365] [6.021386, 6.283185]
63         [0.462365, 0.561107] [0.000000, 0.216662]
64         [0.462365, 0.561107] [0.216662, 0.433323]
65         [0.462365, 0.561107] [0.433323, 0.649985]
66         [0.462365, 0.561107] [0.649985, 0.866646]
67         [0.462365, 0.561107] [0.866646, 1.083308]
68         [0.462365, 0.561107] [1.083308, 1.299969]
69         [0.462365, 0.561107] [1.299969, 1.516631]
70         [0.462365, 0.561107] [1.516631, 1.733292]
71         [0.462365, 0.561107] [1.733292, 1.949954]
72         [0.462365, 0.561107] [1.949954, 2.166616]
73         [0.462365, 0.561107] [2.166616, 2.383277]
74         [0.462365, 0.561107] [2.383277, 2.599939]
75         [0.462365, 0.561107] [2.599939, 2.816600]
76         [0.462365, 0.561107] [2.816600, 3.033262]
77         [0.462365, 0.561107] [3.033262, 3.249923]
78         [0.462365, 0.561107] [3.249923, 3.466585]
79         [0.462365, 0.561107] [3.466585, 3.683247]
80         [0.462365, 0.561107] [3.683247, 3.899908]
81         [0.462365, 0.561107] [3.899908, 4.116570]
82         [0.462365, 0.561107] [4.116570, 4.333231]
83         [0.462365, 0.561107] [4.333231, 4.549893]
84         [0.462365, 0.561107] [4.549893, 4.766554]
85         [0.462365, 0.561107] [4.766554, 4.983216]
86         [0.462365, 0.561107] [4.983216, 5.199877]
87         [0.462365, 0.561107] [5.199877, 5.416539]
88         [0.462365, 0.561107] [5.416539, 5.633201]
89         [0.462365, 0.561107] [5.633201, 5.849862]
90         [0.462365, 0.561107] [5.849862, 6.066524]
91         [0.462365, 0.561107] [6.066524, 6.283185]
92         [0.561107, 0.662701] [0.000000, 0.179520]
93         [0.561107, 0.662701] [0.179520, 0.359039]
94         [0.561107, 0.662701] [0.359039, 0.538559]
95         [0.561107, 0.662701] [0.538559, 0.718078]
96         [0.561107, 0.662701] [0.718078, 0.897598]
97         [0.561107, 0.662701] [0.897598, 1.077117]
98         [0.561107, 0.662701] [1.077117, 1.256637]
99         [0.561107, 0.662701] [1.256637, 1.436157]
100        [0.561107, 0.662701] [1.436157, 1.615676]
101        [0.561107, 0.662701] [1.615676, 1.795196]
102        [0.561107, 0.662701] [1.795196, 1.974715]
103        [0.561107, 0.662701] [1.974715, 2.154235]
104        [0.561107, 0.662701] [2.154235, 2.333755]
105        [0.561107, 0.662701] [2.333755, 2.513274]
106        [0.561107, 0.662701] [2.513274, 2.692794]
107        [0.561107, 0.662701] [2.692794, 2.872313]
108        [0.561107, 0.662701] [2.872313, 3.051833]
109        [0.561107, 0.662701] [3.051833, 3.231352]
110        [0.561107, 0.662701] [3.231352, 3.410872]
111        [0.561107, 0.662701] [3.410872, 3.590392]
112        [0.561107, 0.662701] [3.590392, 3.769911]
113        [0.561107, 0.662701] [3.769911, 3.949431]
114        [0.561107, 0.662701] [3.949431, 4.128950]
115        [0.561107, 0.662701] [4.128950, 4.308470]
116        [0.561107, 0.662701] [4.308470, 4.487990]
117        [0.561107, 0.662701] [4.487990, 4.667509]
118        [0.561107, 0.662701] [4.667509, 4.847029]
119        [0.561107, 0.662701] [4.847029, 5.026548]
120        [0.561107, 0.662701] [5.026548, 5.206068]
121        [0.561107, 0.662701] [5.206068, 5.385587]
122        [0.561107, 0.662701] [5.385587, 5.565107]
123        [0.561107, 0.662701] [5.565107, 5.744627]
124        [0.561107, 0.662701] [5.744627, 5.924146]
125        [0.561107, 0.662701] [5.924146, 6.103666]
126        [0.561107, 0.662701] [6.103666, 6.283185]
127        [0.662701, 0.764589] [0.000000, 0.157080]
128        [0.662701, 0.764589] [0.157080, 0.314159]
129        [0.662701, 0.764589] [0.314159, 0.471239]
130        [0.662701, 0.764589] [0.471239, 0.628319]
131        [0.662701, 0.764589] [0.628319, 0.785398]
132        [0.662701, 0.764589] [0.785398, 0.942478]
133        [0.662701, 0.764589] [0.942478, 1.099557]
134        [0.662701, 0.764589] [1.099557, 1.256637]
135        [0.662701, 0.764589] [1.256637, 1.413717]
136        [0.662701, 0.764589] [1.413717, 1.570796]
137        [0.662701, 0.764589] [1.570796, 1.727876]
138        [0.662701, 0.764589] [1.727876, 1.884956]
139        [0.662701, 0.764589] [1.884956, 2.042035]
140        [0.662701, 0.764589] [2.042035, 2.199115]
141        [0.662701, 0.764589] [2.199115, 2.356194]
142        [0.662701, 0.764589] [2.356194, 2.513274]
143        [0.662701, 0.764589] [2.513274, 2.670354]
144        [0.662701, 0.764589] [2.670354, 2.827433]
145        [0.662701, 0.764589] [2.827433, 2.984513]
146        [0.662701, 0.764589] [2.984513, 3.141593]
147        [0.662701, 0.764589] [3.141593, 3.298672]
148        [0.662701, 0.764589] [3.298672, 3.455752]
149        [0.662701, 0.764589] [3.455752, 3.612832]
150        [0.662701, 0.764589] [3.612832, 3.769911]
151        [0.662701, 0.764589] [3.769911, 3.926991]
152        [0.662701, 0.764589] [3.926991, 4.084070]
153        [0.662701, 0.764589] [4.084070, 4.241150]
154        [0.662701, 0.764589] [4.241150, 4.398230]
155        [0.662701, 0.764589] [4.398230, 4.555309]
156        [0.662701, 0.764589] [4.555309, 4.712389]
157        [0.662701, 0.764589] [4.712389, 4.869469]
158        [0.662701, 0.764589] [4.869469, 5.026548]
159        [0.662701, 0.764589] [5.026548, 5.183628]
160        [0.662701, 0.764589] [5.183628, 5.340708]
161        [0.662701, 0.764589] [5.340708, 5.497787]
162        [0.662701, 0.764589] [5.497787, 5.654867]
163        [0.662701, 0.764589] [5.654867, 5.811946]
164        [0.662701, 0.764589] [5.811946, 5.969026]
165        [0.662701, 0.764589] [5.969026, 6.126106]
166        [0.662701, 0.764589] [6.126106, 6.283185]
167        [0.764589, 0.865403] [0.000000, 0.142800]
168        [0.764589, 0.865403] [0.142800, 0.285599]
169        [0.764589, 0.865403] [0.285599, 0.428399]
170        [0.764589, 0.865403] [0.428399, 0.571199]
171        [0.764589, 0.865403] [0.571199, 0.713998]
172        [0.764589, 0.865403] [0.713998, 0.856798]
173        [0.764589, 0.865403] [0.856798, 0.999598]
174        [0.764589, 0.865403] [0.999598, 1.142397]
175        [0.764589, 0.865403] [1.142397, 1.285197]
176        [0.764589, 0.865403] [1.285197, 1.427997]
177        [0.764589, 0.865403] [1.427997, 1.570796]
178        [0.764589, 0.865403] [1.570796, 1.713596]
179        [0.764589, 0.865403] [1.713596, 1.856396]
180        [0.764589, 0.865403] [1.856396, 1.999195]
181        [0.764589, 0.865403] [1.999195, 2.141995]
182        [0.764589, 0.865403] [2.141995, 2.284795]
183        [0.764589, 0.865403] [2.284795, 2.427594]
184        [0.764589, 0.865403] [2.427594, 2.570394]
185        [0.764589, 0.865403] [2.570394, 2.713194]
186        [0.764589, 0.865403] [2.713194, 2.855993]
187        [0.764589, 0.865403] [2.855993, 2.998793]
188        [0.764589, 0.865403] [2.998793, 3.141593]
189        [0.764589, 0.865403] [3.141593, 3.284392]
190        [0.764589, 0.865403] [3.284392, 3.427192]
191        [0.764589, 0.865403] [3.427192, 3.569992]
192        [0.764589, 0.865403] [3.569992, 3.712791]
193        [0.764589, 0.865403] [3.712791, 3.855591]
194        [0.764589, 0.865403] [3.855591, 3.998391]
195        [0.764589, 0.865403] [3.998391, 4.141190]
196        [0.764589, 0.865403] [4.141190, 4.283990]
197        [0.764589, 0.865403] [4.283990, 4.426790]
198        [0.764589, 0.865403] [4.426790, 4.569589]
199        [0.764589, 0.865403] [4.569589, 4.712389]
200        [0.764589, 0.865403] [4.712389, 4.855189]
201        [0.764589, 0.865403] [4.855189, 4.997988]
202        [0.764589, 0.865403] [4.997988, 5.140788]
203        [0.764589, 0.865403] [5.140788, 5.283588]
204        [0.764589, 0.865403] [5.283588, 5.426387]
205        [0.764589, 0.865403] [5.426387, 5.569187]
206        [0.764589, 0.865403] [5.569187, 5.711987]
207        [0.764589, 0.865403] [5.711987, 5.854786]
208        [0.764589, 0.865403] [5.854786, 5.997586]
209        [0.764589, 0.865403] [5.997586, 6.140386]
210        [0.764589, 0.865403] [6.140386, 6.283185]
211        [0.865403, 0.966317] [0.000000, 0.130900]
212        [0.865403, 0.966317] [0.130900, 0.261799]
213        [0.865403, 0.966317] [0.261799, 0.392699]
214        [0.865403, 0.966317] [0.392699, 0.523599]
215        [0.865403, 0.966317] [0.523599, 0.654498]
216        [0.865403, 0.966317] [0.654498, 0.785398]
217        [0.865403, 0.966317] [0.785398, 0.916298]
218        [0.865403, 0.966317] [0.916298, 1.047198]
219        [0.865403, 0.966317] [1.047198, 1.178097]
220        [0.865403, 0.966317] [1.178097, 1.308997]
221        [0.865403, 0.966317] [1.308997, 1.439897]
222        [0.865403, 0.966317] [1.439897, 1.570796]
223        [0.865403, 0.966317] [1.570796, 1.701696]
224        [0.865403, 0.966317] [1.701696, 1.832596]
225        [0.865403, 0.966317] [1.832596, 1.963495]
226        [0.865403, 0.966317] [1.963495, 2.094395]
227        [0.865403, 0.966317] [2.094395, 2.225295]
228        [0.865403, 0.966317] [2.225295, 2.356194]
229        [0.865403, 0.966317] [2.356194, 2.487094]
230        [0.865403, 0.966317] [2.487094, 2.617994]
231        [0.865403, 0.966317] [2.617994, 2.748894]
232        [0.865403, 0.966317] [2.748894, 2.879793]
233        [0.865403, 0.966317] [2.879793, 3.010693]
234        [0.865403, 0.966317] [3.010693, 3.141593]
235        [0.865403, 0.966317] [3.141593, 3.272492]
236        [0.865403, 0.966317] [3.272492, 3.403392]
237        [0.865403, 0.966317] [3.403392, 3.534292]
238        [0.865403, 0.966317] [3.534292, 3.665191]
239        [0.865403, 0.966317] [3.665191, 3.796091]
240        [0.865403, 0.966317] [3.796091, 3.926991]
241        [0.865403, 0.966317] [3.926991, 4.057891]
242        [0.865403, 0.966317] [4.057891, 4.188790]
243        [0.865403, 0.966317] [4.188790, 4.319690]
244        [0.865403, 0.966317] [4.319690, 4.450590]
245        [0.865403, 0.966317] [4.450590, 4.581489]
246        [0.865403, 0.966317] [4.581489, 4.712389]
247        [0.865403, 0.966317] [4.712389, 4.843289]
248        [0.865403, 0.966317] [4.843289, 4.974188]
249        [0.865403, 0.966317] [4.974188, 5.105088]
250        [0.865403, 0.966317] [5.105088, 5.235988]
251        [0.865403, 0.966317] [5.235988, 5.366887]
252        [0.865403, 0.966317] [5.366887, 5.497787]
253        [0.865403, 0.966317] [5.497787, 5.628687]
254        [0.865403, 0.966317] [5.628687, 5.759587]
255        [0.865403, 0.966317] [5.759587, 5.890486]
256        [0.865403, 0.966317] [5.890486, 6.021386]
257        [0.865403, 0.966317] [6.021386, 6.152286]
258        [0.865403, 0.966317] [6.152286, 6.283185]
259        [0.966317, 1.066338] [0.000000, 0.123200]
260        [0.966317, 1.066338] [0.123200, 0.246399]
261        [0.966317, 1.066338] [0.246399, 0.369599]
262        [0.966317, 1.066338] [0.369599, 0.492799]
263        [0.966317, 1.066338] [0.492799, 0.615999]
264        [0.966317, 1.066338] [0.615999, 0.739198]
265        [0.966317, 1.066338] [0.739198, 0.862398]
266        [0.966317, 1.066338] [0.862398, 0.985598]
267        [0.966317, 1.066338] [0.985598, 1.108797]
268        [0.966317, 1.066338] [1.108797, 1.231997]
269        [0.966317, 1.066338] [1.231997, 1.355197]
270        [0.966317, 1.066338] [1.355197, 1.478397]
271        [0.966317, 1.066338] [1.478397, 1.601596]
272        [0.966317, 1.066338] [1.601596, 1.724796]
273        [0.966317, 1.066338] [1.724796, 1.847996]
274        [0.966317, 1.066338] [1.847996, 1.971195]
275        [0.966317, 1.066338] [1.971195, 2.094395]
276        [0.966317, 1.066338] [2.094395, 2.217595]
277        [0.966317, 1.066338] [2.217595, 2.340795]
278        [0.966317, 1.066338] [2.340795, 2.463994]
279        [0.966317, 1.066338] [2.463994, 2.587194]
280        [0.966317, 1.066338] [2.587194, 2.710394]
281        [0.966317, 1.066338] [2.710394, 2.833593]
282        [0.966317, 1.066338] [2.833593, 2.956793]
283        [0.966317, 1.066338] [2.956793, 3.079993]
284        [0.966317, 1.066338] [3.079993, 3.203193]
285        [0.966317, 1.066338] [3.203193, 3.326392]
286        [0.966317, 1.066338] [3.326392, 3.449592]
287        [0.966317, 1.066338] [3.449592, 3.572792]
288        [0.966317, 1.066338] [3.572792, 3.695991]
289        [0.966317, 1.066338] [3.695991, 3.819191]
290        [0.966317, 1.066338] [3.819191, 3.942391]
291        [0.966317, 1.066338] [3.942391, 4.065590]
292        [0.966317, 1.066338] [4.065590, 4.188790]
293        [0.966317, 1.066338] [4.188790, 4.311990]
294        [0.966317, 1.066338] [4.311990, 4.435190]
295        [0.966317, 1.066338] [4.435190, 4.558389]
296        [0.966317, 1.066338] [4.558389, 4.681589]
297        [0.966317, 1.066338] [4.681589, 4.804789]
298        [0.966317, 1.066338] [4.804789, 4.927988]
299        [0.966317, 1.066338] [4.927988, 5.051188]
300        [0.966317, 1.066338] [5.051188, 5.174388]
301        [0.966317, 1.066338] [5.174388, 5.297588]
302        [0.966317, 1.066338] [5.297588, 5.420787]
303        [0.966317, 1.066338] [5.420787, 5.543987]
304        [0.966317, 1.066338] [5.543987, 5.667187]
305        [0.966317, 1.066338] [5.667187, 5.790386]
306        [0.966317, 1.066338] [5.790386, 5.913586]
307        [0.966317, 1.066338] [5.913586, 6.036786]
308        [0.966317, 1.066338] [6.036786, 6.159986]
309        [0.966317, 1.066338] [6.159986, 6.283185]
310        [1.066338, 1.166542] [0.000000, 0.116355]
311        [1.066338, 1.166542] [0.116355, 0.232711]
312        [1.066338, 1.166542] [0.232711, 0.349066]
313        [1.066338, 1.166542] [0.349066, 0.465421]
314        [1.066338, 1.166542] [0.465421, 0.581776]
315        [1.066338, 1.166542] [0.581776, 0.698132]
316        [1.066338, 1.166542] [0.698132, 0.814487]
317        [1.066338, 1.166542] [0.814487, 0.930842]
318        [1.066338, 1.166542] [0.930842, 1.047198]
319        [1.066338, 1.166542] [1.047198, 1.163553]
320        [1.066338, 1.166542] [1.163553, 1.279908]
321        [1.066338, 1.166542] [1.279908, 1.396263]
322        [1.066338, 1.166542] [1.396263, 1.512619]
323        [1.066338, 1.166542] [1.512619, 1.628974]
324        [1.066338, 1.166542] [1.628974, 1.745329]
325        [1.066338, 1.166542] [1.745329, 1.861685]
326        [1.066338, 1.166542] [1.861685, 1.978040]
327        [1.066338, 1.166542] [1.978040, 2.094395]
328        [1.066338, 1.166542] [2.094395, 2.210750]
329        [1.066338, 1.166542] [2.210750, 2.327106]
330        [1.066338, 1.166542] [2.327106, 2.443461]
331        [1.066338, 1.166542] [2.443461, 2.559816]
332        [1.066338, 1.166542] [2.559816, 2.676172]
333        [1.066338, 1.166542] [2.676172, 2.792527]
334        [1.066338, 1.166542] [2.792527, 2.908882]
335        [1.066338, 1.166542] [2.908882, 3.025237]
336        [1.066338, 1.166542] [3.025237, 3.141593]
337        [1.066338, 1.166542] [3.141593, 3.257948]
338        [1.066338, 1.166542] [3.257948, 3.374303]
339        [1.066338, 1.166542] [3.374303, 3.490659]
340        [1.066338, 1.166542] [3.490659, 3.607014]
341        [1.066338, 1.166542] [3.607014, 3.723369]
342        [1.066338, 1.166542] [3.723369, 3.839724]
343        [1.066338, 1.166542] [3.839724, 3.956080]
344        [1.066338, 1.166542] [3.956080, 4.072435]
345        [1.066338, 1.166542] [4.072435, 4.188790]
346        [1.066338, 1.166542] [4.188790, 4.305145]
347        [1.066338, 1.166542] [4.305145, 4.421501]
348        [1.066338, 1.166542] [4.421501, 4.537856]
349        [1.066338, 1.166542] [4.537856, 4.654211]
350        [1.066338, 1.166542] [4.654211, 4.770567]
351        [1.066338, 1.166542] [4.770567, 4.886922]
352        [1.066338, 1.166542] [4.886922, 5.003277]
353        [1.066338, 1.166542] [5.003277, 5.119632]
354        [1.066338, 1.166542] [5.119632, 5.235988]
355        [1.066338, 1.166542] [5.235988, 5.352343]
356        [1.066338, 1.166542] [5.352343, 5.468698]
357        [1.066338, 1.166542] [5.468698, 5.585054]
358        [1.066338, 1.166542] [5.585054, 5.701409]
359        [1.066338, 1.166542] [5.701409, 5.817764]
360        [1.066338, 1.166542] [5.817764, 5.934119]
361        [1.066338, 1.166542] [5.934119, 6.050475]
362        [1.066338, 1.166542] [6.050475, 6.166830]
363        [1.066338, 1.166542] [6.166830, 6.283185]
364        [1.166542, 1.267850] [0.000000, 0.110231]
365        [1.166542, 1.267850] [0.110231, 0.220463]
366        [1.166542, 1.267850] [0.220463, 0.330694]
367        [1.166542, 1.267850] [0.330694, 0.440925]
368        [1.166542, 1.267850] [0.440925, 0.551157]
369        [1.166542, 1.267850] [0.551157, 0.661388]
370        [1.166542, 1.267850] [0.661388, 0.771619]
371        [1.166542, 1.267850] [0.771619, 0.881851]
372        [1.166542, 1.267850] [0.881851, 0.992082]
373        [1.166542, 1.267850] [0.992082, 1.102313]
374        [1.166542, 1.267850] [1.102313, 1.212545]
375        [1.166542, 1.267850] [1.212545, 1.322776]
376        [1.166542, 1.267850] [1.322776, 1.433007]
377        [1.166542, 1.267850] [1.433007, 1.543238]
378        [1.166542, 1.267850] [1.543238, 1.653470]
379        [1.166542, 1.267850] [1.653470, 1.763701]
380        [1.166542, 1.267850] [1.763701, 1.873932]
381        [1.166542, 1.267850] [1.873932, 1.984164]
382        [1.166542, 1.267850] [1.984164, 2.094395]
383        [1.166542, 1.267850] [2.094395, 2.204626]
384        [1.166542, 1.267850] [2.204626, 2.314858]
385        [1.166542, 1.267850] [2.314858, 2.425089]
386        [1.166542, 1.267850] [2.425089, 2.535320]
387        [1.166542, 1.267850] [2.535320, 2.645552]
388        [1.166542, 1.267850] [2.645552, 2.755783]
389        [1.166542, 1.267850] [2.755783, 2.866014]
390        [1.166542, 1.267850] [2.866014, 2.976246]
391        [1.166542, 1.267850] [2.976246, 3.086477]
392        [1.166542, 1.267850] [3.086477, 3.196708]
393        [1.166542, 1.267850] [3.196708, 3.306940]
394        [1.166542, 1.267850] [3.306940, 3.417171]
395        [1.166542, 1.267850] [3.417171, 3.527402]
396        [1.166542, 1.267850] [3.527402, 3.637634]
397        [1.166542, 1.267850] [3.637634, 3.747865]
398        [1.166542, 1.267850] [3.747865, 3.858096]
399        [1.166542, 1.267850] [3.858096, 3.968328]
400        [1.166542, 1.267850] [3.968328, 4.078559]
401        [1.166542, 1.267850] [4.078559, 4.188790]
402        [1.166542, 1.267850] [4.188790, 4.299022]
403        [1.166542, 1.267850] [4.299022, 4.409253]
404        [1.166542, 1.267850] [4.409253, 4.519484]
405        [1.166542, 1.267850] [4.519484, 4.629715]
406        [1.166542, 1.267850] [4.629715, 4.739947]
407        [1.166542, 1.267850] [4.739947, 4.850178]
408        [1.166542, 1.267850] [4.850178, 4.960409]
409        [1.166542, 1.267850] [4.960409, 5.070641]
410        [1.166542, 1.267850] [5.070641, 5.180872]
411        [1.166542, 1.267850] [5.180872, 5.291103]
412        [1.166542, 1.267850] [5.291103, 5.401335]
413        [1.166542, 1.267850] [5.401335, 5.511566]
414        [1.166542, 1.267850] [5.511566, 5.621797]
415        [1.166542, 1.267850] [5.621797, 5.732029]
416        [1.166542, 1.267850] [5.732029, 5.842260]
417        [1.166542, 1.267850] [5.842260, 5.952491]
418        [1.166542, 1.267850] [5.952491, 6.062723]
419        [1.166542, 1.267850] [6.062723, 6.172954]
420        [1.166542, 1.267850] [6.172954, 6.283185]
421        [1.267850, 1.369438] [0.000000, 0.106495]
422        [1.267850, 1.369438] [0.106495, 0.212989]
423        [1.267850, 1.369438] [0.212989, 0.319484]
424        [1.267850, 1.369438] [0.319484, 0.425979]
425        [1.267850, 1.369438] [0.425979, 0.532473]
426        [1.267850, 1.369438] [0.532473, 0.638968]
427        [1.267850, 1.369438] [0.638968, 0.745463]
428        [1.267850, 1.369438] [0.745463, 0.851957]
429        [1.267850, 1.369438] [0.851957, 0.958452]
430        [1.267850, 1.369438] [0.958452, 1.064947]
431        [1.267850, 1.369438] [1.064947, 1.171441]
432        [1.267850, 1.369438] [1.171441, 1.277936]
433        [1.267850, 1.369438] [1.277936, 1.384431]
434        [1.267850, 1.369438] [1.384431, 1.490925]
435        [1.267850, 1.369438] [1.490925, 1.597420]
436        [1.267850, 1.369438] [1.597420, 1.703915]
437        [1.267850, 1.369438] [1.703915, 1.810409]
438        [1.267850, 1.369438] [1.810409, 1.916904]
439        [1.267850, 1.369438] [1.916904, 2.023399]
440        [1.267850, 1.369438] [2.023399, 2.129893]
441        [1.267850, 1.369438] [2.129893, 2.236388]
442        [1.267850, 1.369438] [2.236388, 2.342883]
443        [1.267850, 1.369438] [2.342883, 2.449377]
444        [1.267850, 1.369438] [2.449377, 2.555872]
445        [1.267850, 1.369438] [2.555872, 2.662367]
446        [1.267850, 1.369438] [2.662367, 2.768861]
447        [1.267850, 1.369438] [2.768861, 2.875356]
448        [1.267850, 1.369438] [2.875356, 2.981851]
449        [1.267850, 1.369438] [2.981851, 3.088345]
450        [1.267850, 1.369438] [3.088345, 3.194840]
451        [1.267850, 1.369438] [3.194840, 3.301335]
452        [1.267850, 1.369438] [3.301335, 3.407829]
453        [1.267850, 1.369438] [3.407829, 3.514324]
454        [1.267850, 1.369438] [3.514324, 3.620819]
455        [1.267850, 1.369438] [3.620819, 3.727313]
456        [1.267850, 1.369438] [3.727313, 3.833808]
457        [1.267850, 1.369438] [3.833808, 3.940303]
458        [1.267850, 1.369438] [3.940303, 4.046797]
459        [1.267850, 1.369438] [4.046797, 4.153292]
460        [1.267850, 1.369438] [4.153292, 4.259787]
461        [1.267850, 1.369438] [4.259787, 4.366281]
462        [1.267850, 1.369438] [4.366281, 4.472776]
463        [1.267850, 1.369438] [4.472776, 4.579271]
464        [1.267850, 1.369438] [4.579271, 4.685765]
465        [1.267850, 1.369438] [4.685765, 4.792260]
466        [1.267850, 1.369438] [4.792260, 4.898755]
467        [1.267850, 1.369438] [4.898755, 5.005249]
468        [1.267850, 1.369438] [5.005249, 5.111744]
469        [1.267850, 1.369438] [5.111744, 5.218239]
470        [1.267850, 1.369438] [5.218239, 5.324733]
471        [1.267850, 1.369438] [5.324733, 5.431228]
472        [1.267850, 1.369438] [5.431228, 5.537723]
473        [1.267850, 1.369438] [5.537723, 5.644217]
474        [1.267850, 1.369438] [5.644217, 5.750712]
475        [1.267850, 1.369438] [5.750712, 5.857207]
476        [1.267850, 1.369438] [5.857207, 5.963701]
477        [1.267850, 1.369438] [5.963701, 6.070196]
478        [1.267850, 1.369438] [6.070196, 6.176691]
479        [1.267850, 1.369438] [6.176691, 6.283185]
480        [1.369438, 1.470629] [0.000000, 0.104720]
481        [1.369438, 1.470629] [0.104720, 0.209440]
482        [1.369438, 1.470629] [0.209440, 0.314159]
483        [1.369438, 1.470629] [0.314159, 0.418879]
484        [1.369438, 1.470629] [0.418879, 0.523599]
485        [1.369438, 1.470629] [0.523599, 0.628319]
486        [1.369438, 1.470629] [0.628319, 0.733038]
487        [1.369438, 1.470629] [0.733038, 0.837758]
488        [1.369438, 1.470629] [0.837758, 0.942478]
489        [1.369438, 1.470629] [0.942478, 1.047198]
490        [1.369438, 1.470629] [1.047198, 1.151917]
491        [1.369438, 1.470629] [1.151917, 1.256637]
492        [1.369438, 1.470629] [1.256637, 1.361357]
493        [1.369438, 1.470629] [1.361357, 1.466077]
494        [1.369438, 1.470629] [1.466077, 1.570796]
495        [1.369438, 1.470629] [1.570796, 1.675516]
496        [1.369438, 1.470629] [1.675516, 1.780236]
497        [1.369438, 1.470629] [1.780236, 1.884956]
498        [1.369438, 1.470629] [1.884956, 1.989675]
499        [1.369438, 1.470629] [1.989675, 2.094395]
500        [1.369438, 1.470629] [2.094395, 2.199115]
501        [1.369438, 1.470629] [2.199115, 2.303835]
502        [1.369438, 1.470629] [2.303835, 2.408554]
503        [1.369438, 1.470629] [2.408554, 2.513274]
504        [1.369438, 1.470629] [2.513274, 2.617994]
505        [1.369438, 1.470629] [2.617994, 2.722714]
506        [1.369438, 1.470629] [2.722714, 2.827433]
507        [1.369438, 1.470629] [2.827433, 2.932153]
508        [1.369438, 1.470629] [2.932153, 3.036873]
509        [1.369438, 1.470629] [3.036873, 3.141593]
510        [1.369438, 1.470629] [3.141593, 3.246312]
511        [1.369438, 1.470629] [3.246312, 3.351032]
512        [1.369438, 1.470629] [3.351032, 3.455752]
513        [1.369438, 1.470629] [3.455752, 3.560472]
514        [1.369438, 1.470629] [3.560472, 3.665191]
515        [1.369438, 1.470629] [3.665191, 3.769911]
516        [1.369438, 1.470629] [3.769911, 3.874631]
517        [1.369438, 1.470629] [3.874631, 3.979351]
518        [1.369438, 1.470629] [3.979351, 4.084070]
519        [1.369438, 1.470629] [4.084070, 4.188790]
520        [1.369438, 1.470629] [4.188790, 4.293510]
521        [1.369438, 1.470629] [4.293510, 4.398230]
522        [1.369438, 1.470629] [4.398230, 4.502949]
523        [1.369438, 1.470629] [4.502949, 4.607669]
524        [1.369438, 1.470629] [4.607669, 4.712389]
525        [1.369438, 1.470629] [4.712389, 4.817109]
526        [1.369438, 1.470629] [4.817109, 4.921828]
527        [1.369438, 1.470629] [4.921828, 5.026548]
528        [1.369438, 1.470629] [5.026548, 5.131268]
529        [1.369438, 1.470629] [5.131268, 5.235988]
530        [1.369438, 1.470629] [5.235988, 5.340708]
531        [1.369438, 1.470629] [5.340708, 5.445427]
532        [1.369438, 1.470629] [5.445427, 5.550147]
533        [1.369438, 1.470629] [5.550147, 5.654867]
534        [1.369438, 1.470629] [5.654867, 5.759587]
535        [1.369438, 1.470629] [5.759587, 5.864306]
536        [1.369438, 1.470629] [5.864306, 5.969026]
537        [1.369438, 1.470629] [5.969026, 6.073746]
538        [1.369438, 1.470629] [6.073746, 6.178466]
539        [1.369438, 1.470629] [6.178466, 6.283185]
540        [1.470629, 1.570796] [0.000000, 0.104720]
541        [1.470629, 1.570796] [0.104720, 0.209440]
542        [1.470629, 1.570796] [0.209440, 0.314159]
543        [1.470629, 1.570796] [0.314159, 0.418879]
544        [1.470629, 1.570796] [0.418879, 0.523599]
545        [1.470629, 1.570796] [0.523599, 0.628319]
546        [1.470629, 1.570796] [0.628319, 0.733038]
547        [1.470629, 1.570796] [0.733038, 0.837758]
548        [1.470629, 1.570796] [0.837758, 0.942478]
549        [1.470629, 1.570796] [0.942478, 1.047198]
550        [1.470629, 1.570796] [1.047198, 1.151917]
551        [1.470629, 1.570796] [1.151917, 1.256637]
552        [1.470629, 1.570796] [1.256637, 1.361357]
553        [1.470629, 1.570796] [1.361357, 1.466077]
554        [1.470629, 1.570796] [1.466077, 1.570796]
555        [1.470629, 1.570796] [1.570796, 1.675516]
556        [1.470629, 1.570796] [1.675516, 1.780236]
557        [1.470629, 1.570796] [1.780236, 1.884956]
558        [1.470629, 1.570796] [1.884956, 1.989675]
559        [1.470629, 1.570796] [1.989675, 2.094395]
560        [1.470629, 1.570796] [2.094395, 2.199115]
561        [1.470629, 1.570796] [2.199115, 2.303835]
562        [1.470629, 1.570796] [2.303835, 2.408554]
563        [1.470629, 1.570796] [2.408554, 2.513274]
564        [1.470629, 1.570796] [2.513274, 2.617994]
565        [1.470629, 1.570796] [2.617994, 2.722714]
566        [1.470629, 1.570796] [2.722714, 2.827433]
567        [1.470629, 1.570796] [2.827433, 2.932153]
568        [1.470629, 1.570796] [2.932153, 3.036873]
569        [1.470629, 1.570796] [3.036873, 3.141593]
570        [1.470629, 1.570796] [3.141593, 3.246312]
571        [1.470629, 1.570796] [3.246312, 3.351032]
572        [1.470629, 1.570796] [3.351032, 3.455752]
573        [1.470629, 1.570796] [3.455752, 3.560472]
574        [1.470629, 1.570796] [3.560472, 3.665191]
575        [1.470629, 1.570796] [3.665191, 3.769911]
576        [1.470629, 1.570796] [3.769911, 3.874631]
577        [1.470629, 1.570796] [3.874631, 3.979351]
578        [1.470629, 1.570796] [3.979351, 4.084070]
579        [1.470629, 1.570796] [4.084070, 4.188790]
580        [1.470629, 1.570796] [4.188790, 4.293510]
581        [1.470629, 1.570796] [4.293510, 4.398230]
582        [1.470629, 1.570796] [4.398230, 4.502949]
583        [1.470629, 1.570796] [4.502949, 4.607669]
584        [1.470629, 1.570796] [4.607669, 4.712389]
585        [1.470629, 1.570796] [4.712389, 4.817109]
586        [1.470629, 1.570796] [4.817109, 4.921828]
587        [1.470629, 1.570796] [4.921828, 5.026548]
588        [1.470629, 1.570796] [5.026548, 5.131268]
589        [1.470629, 1.570796] [5.131268, 5.235988]
590        [1.470629, 1.570796] [5.235988, 5.340708]
591        [1.470629, 1.570796] [5.340708, 5.445427]
592        [1.470629, 1.570796] [5.445427, 5.550147]
593        [1.470629, 1.570796] [5.550147, 5.654867]
594        [1.470629, 1.570796] [5.654867, 5.759587]
595        [1.470629, 1.570796] [5.759587, 5.864306]
596        [1.470629, 1.570796] [5.864306, 5.969026]
597        [1.470629, 1.570796] [5.969026, 6.073746]
598        [1.470629, 1.570796] [6.073746, 6.178466]
599        [1.470629, 1.570796] [6.178466, 6.283185]
600        [1.570796, 1.670964] [0.000000, 0.104720]
601        [1.570796, 1.670964] [0.104720, 0.209440]
602        [1.570796, 1.670964] [0.209440, 0.314159]
603        [1.570796, 1.670964] [0.314159, 0.418879]
604        [1.570796, 1.670964] [0.418879, 0.523599]
605        [1.570796, 1.670964] [0.523599, 0.628319]
606        [1.570796, 1.670964] [0.628319, 0.733038]
607        [1.570796, 1.670964] [0.733038, 0.837758]
608        [1.570796, 1.670964] [0.837758, 0.942478]
609        [1.570796, 1.670964] [0.942478, 1.047198]
610        [1.570796, 1.670964] [1.047198, 1.151917]
611        [1.570796, 1.670964] [1.151917, 1.256637]
612        [1.570796, 1.670964] [1.256637, 1.361357]
613        [1.570796, 1.670964] [1.361357, 1.466077]
614        [1.570796, 1.670964] [1.466077, 1.570796]
615        [1.570796, 1.670964] [1.570796, 1.675516]
616        [1.570796, 1.670964] [1.675516, 1.780236]
617        [1.570796, 1.670964] [1.780236, 1.884956]
618        [1.570796, 1.670964] [1.884956, 1.989675]
619        [1.570796, 1.670964] [1.989675, 2.094395]
620        [1.570796, 1.670964] [2.094395, 2.199115]
621        [1.570796, 1.670964] [2.199115, 2.303835]
622        [1.570796, 1.670964] [2.303835, 2.408554]
623        [1.570796, 1.670964] [2.408554, 2.513274]
624        [1.570796, 1.670964] [2.513274, 2.617994]
625        [1.570796, 1.670964] [2.617994, 2.722714]
626        [1.570796, 1.670964] [2.722714, 2.827433]
627        [1.570796, 1.670964] [2.827433, 2.932153]
628        [1.570796, 1.670964] [2.932153, 3.036873]
629        [1.570796, 1.670964] [3.036873, 3.141593]
630        [1.570796, 1.670964] [3.141593, 3.246312]
631        [1.570796, 1.670964] [3.246312, 3.351032]
632        [1.570796, 1.670964] [3.351032, 3.455752]
633        [1.570796, 1.670964] [3.455752, 3.560472]
634        [1.570796, 1.670964] [3.560472, 3.665191]
635        [1.570796, 1.670964] [3.665191, 3.769911]
636        [1.570796, 1.670964] [3.769911, 3.874631]
637        [1.570796, 1.670964] [3.874631, 3.979351]
638        [1.570796, 1.670964] [3.979351, 4.084070]
639        [1.570796, 1.670964] [4.084070, 4.188790]
640        [1.570796, 1.670964] [4.188790, 4.293510]
641        [1.570796, 1.670964] [4.293510, 4.398230]
642        [1.570796, 1.670964] [4.398230, 4.502949]
643        [1.570796, 1.670964] [4.502949, 4.607669]
644        [1.570796, 1.670964] [4.607669, 4.712389]
645        [1.570796, 1.670964] [4.712389, 4.817109]
646        [1.570796, 1.670964] [4.817109, 4.921828]
647        [1.570796, 1.670964] [4.921828, 5.026548]
648        [1.570796, 1.670964] [5.026548, 5.131268]
649        [1.570796, 1.670964] [5.131268, 5.235988]
650        [1.570796, 1.670964] [5.235988, 5.340708]
651        [1.570796, 1.670964] [5.340708, 5.445427]
652        [1.570796, 1.670964] [5.445427, 5.550147]
653        [1.570796, 1.670964] [5.550147, 5.654867]
654        [1.570796, 1.670964] [5.654867, 5.759587]
655        [1.570796, 1.670964] [5.759587, 5.864306]
656        [1.570796, 1.670964] [5.864306, 5.969026]
657        [1.570796, 1.670964] [5.969026, 6.073746]
658        [1.570796, 1.670964] [6.073746, 6.178466]
659        [1.570796, 1.670964] [6.178466, 6.283185]
660        [1.670964, 1.772154] [0.000000, 0.104720]
661        [1.670964, 1.772154] [0.104720, 0.209440]
662        [1.670964, 1.772154] [0.209440, 0.314159]
663        [1.670964, 1.772154] [0.314159, 0.418879]
664        [1.670964, 1.772154] [0.418879, 0.523599]
665        [1.670964, 1.772154] [0.523599, 0.628319]
666        [1.670964, 1.772154] [0.628319, 0.733038]
667        [1.670964, 1.772154] [0.733038, 0.837758]
668        [1.670964, 1.772154] [0.837758, 0.942478]
669        [1.670964, 1.772154] [0.942478, 1.047198]
670        [1.670964, 1.772154] [1.047198, 1.151917]
671        [1.670964, 1.772154] [1.151917, 1.256637]
672        [1.670964, 1.772154] [1.256637, 1.361357]
673        [1.670964, 1.772154] [1.361357, 1.466077]
674        [1.670964, 1.772154] [1.466077, 1.570796]
675        [1.670964, 1.772154] [1.570796, 1.675516]
676        [1.670964, 1.772154] [1.675516, 1.780236]
677        [1.670964, 1.772154] [1.780236, 1.884956]
678        [1.670964, 1.772154] [1.884956, 1.989675]
679        [1.670964, 1.772154] [1.989675, 2.094395]
680        [1.670964, 1.772154] [2.094395, 2.199115]
681        [1.670964, 1.772154] [2.199115, 2.303835]
682        [1.670964, 1.772154] [2.303835, 2.408554]
683        [1.670964, 1.772154] [2.408554, 2.513274]
684        [1.670964, 1.772154] [2.513274, 2.617994]
685        [1.670964, 1.772154] [2.617994, 2.722714]
686        [1.670964, 1.772154] [2.722714, 2.827433]
687        [1.670964, 1.772154] [2.827433, 2.932153]
688        [1.670964, 1.772154] [2.932153, 3.036873]
689        [1.670964, 1.772154] [3.036873, 3.141593]
690        [1.670964, 1.772154] [3.141593, 3.246312]
691        [1.670964, 1.772154] [3.246312, 3.351032]
692        [1.670964, 1.772154] [3.351032, 3.455752]
693        [1.670964, 1.772154] [3.455752, 3.560472]
694        [1.670964, 1.772154] [3.560472, 3.665191]
695        [1.670964, 1.772154] [3.665191, 3.769911]
696        [1.670964, 1.772154] [3.769911, 3.874631]
697        [1.670964, 1.772154] [3.874631, 3.979351]
698        [1.670964, 1.772154] [3.979351, 4.084070]
699        [1.670964, 1.772154] [4.084070, 4.188790]
700        [1.670964, 1.772154] [4.188790, 4.293510]
701        [1.670964, 1.772154] [4.293510, 4.398230]
702        [1.670964, 1.772154] [4.398230, 4.502949]
703        [1.670964, 1.772154] [4.502949, 4.607669]
704        [1.670964, 1.772154] [4.607669, 4.712389]
705        [1.670964, 1.772154] [4.712389, 4.817109]
706        [1.670964, 1.772154] [4.817109, 4.921828]
707        [1.670964, 1.772154] [4.921828, 5.026548]
708        [1.670964, 1.772154] [5.026548, 5.131268]
709        [1.670964, 1.772154] [5.131268, 5.235988]
710        [1.670964, 1.772154] [5.235988, 5.340708]
711        [1.670964, 1.772154] [5.340708, 5.445427]
712        [1.670964, 1.772154] [5.445427, 5.550147]
713        [1.670964, 1.772154] [5.550147, 5.654867]
714        [1.670964, 1.772154] [5.654867, 5.759587]
715        [1.670964, 1.772154] [5.759587, 5.864306]
716        [1.670964, 1.772154] [5.864306, 5.969026]
717        [1.670964, 1.772154] [5.969026, 6.073746]
718        [1.670964, 1.772154] [6.073746, 6.178466]
719        [1.670964, 1.772154] [6.178466, 6.283185]
720        [1.772154, 1.873742] [0.000000, 0.106495]
721        [1.772154, 1.873742] [0.106495, 0.212989]
722        [1.772154, 1.873742] [0.212989, 0.319484]
723        [1.772154, 1.873742] [0.319484, 0.425979]
724        [1.772154, 1.873742] [0.425979, 0.532473]
725        [1.772154, 1.873742] [0.532473, 0.638968]
726        [1.772154, 1.873742] [0.638968, 0.745463]
727        [1.772154, 1.873742] [0.745463, 0.851957]
728        [1.772154, 1.873742] [0.851957, 0.958452]
729        [1.772154, 1.873742] [0.958452, 1.064947]
730        [1.772154, 1.873742] [1.064947, 1.171441]
731        [1.772154, 1.873742] [1.171441, 1.277936]
732        [1.772154, 1.873742] [1.277936, 1.384431]
733        [1.772154, 1.873742] [1.384431, 1.490925]
734        [1.772154, 1.873742] [1.490925, 1.597420]
735        [1.772154, 1.873742] [1.597420, 1.703915]
736        [1.772154, 1.873742] [1.703915, 1.810409]
737        [1.772154, 1.873742] [1.810409, 1.916904]
738        [1.772154, 1.873742] [1.916904, 2.023399]
739        [1.772154, 1.873742] [2.023399, 2.129893]
740        [1.772154, 1.873742] [2.129893, 2.236388]
741        [1.772154, 1.873742] [2.236388, 2.342883]
742        [1.772154, 1.873742] [2.342883, 2.449377]
743        [1.772154, 1.873742] [2.449377, 2.555872]
744        [1.772154, 1.873742] [2.555872, 2.662367]
745        [1.772154, 1.873742] [2.662367, 2.768861]
746        [1.772154, 1.873742] [2.768861, 2.875356]
747        [1.772154, 1.873742] [2.875356, 2.981851]
748        [1.772154, 1.873742] [2.981851, 3.088345]
749        [1.772154, 1.873742] [3.088345, 3.194840]
750        [1.772154, 1.873742] [3.194840, 3.301335]
751        [1.772154, 1.873742] [3.301335, 3.407829]
752        [1.772154, 1.873742] [3.407829, 3.514324]
753        [1.772154, 1.873742] [3.514324, 3.620819]
754        [1.772154, 1.873742] [3.620819, 3.727313]
755        [1.772154, 1.873742] [3.727313, 3.833808]
756        [1.772154, 1.873742] [3.833808, 3.940303]
757        [1.772154, 1.873742] [3.940303, 4.046797]
758        [1.772154, 1.873742] [4.046797, 4.153292]
759        [1.772154, 1.873742] [4.153292, 4.259787]
760        [1.772154, 1.873742] [4.259787, 4.366281]
761        [1.772154, 1.873742] [4.366281, 4.472776]
762        [1.772154, 1.873742] [4.472776, 4.579271]
763        [1.772154, 1.873742] [4.579271, 4.685765]
764        [1.772154, 1.873742] [4.685765, 4.792260]
765        [1.772154, 1.873742] [4.792260, 4.898755]
766        [1.772154, 1.873742] [4.898755, 5.005249]
767        [1.772154, 1.873742] [5.005249, 5.111744]
768        [1.772154, 1.873742] [5.111744, 5.218239]
769        [1.772154, 1.873742] [5.218239, 5.324733]
770        [1.772154, 1.873742] [5.324733, 5.431228]
771        [1.772154, 1.873742] [5.431228, 5.537723]
772        [1.772154, 1.873742] [5.537723, 5.644217]
773        [1.772154, 1.873742] [5.644217, 5.750712]
774        [1.772154, 1.873742] [5.750712, 5.857207]
775        [1.772154, 1.873742] [5.857207, 5.963701]
776        [1.772154, 1.873742] [5.963701, 6.070196]
777        [1.772154, 1.873742] [6.070196, 6.176691]
778        [1.772154, 1.873742] [6.176691, 6.283185]
779        [1.873742, 1.975051] [0.000000, 0.110231]
780        [1.873742, 1.975051] [0.110231, 0.220463]
781        [1.873742, 1.975051] [0.220463, 0.330694]
782        [1.873742, 1.975051] [0.330694, 0.440925]
783        [1.873742, 1.975051] [0.440925, 0.551157]
784        [1.873742, 1.975051] [0.551157, 0.661388]
785        [1.873742, 1.975051] [0.661388, 0.771619]
786        [1.873742, 1.975051] [0.771619, 0.881851]
787        [1.873742, 1.975051] [0.881851, 0.992082]
788        [1.873742, 1.975051] [0.992082, 1.102313]
789        [1.873742, 1.975051] [1.102313, 1.212545]
790        [1.873742, 1.975051] [1.212545, 1.322776]
791        [1.873742, 1.975051] [1.322776, 1.433007]
792        [1.873742, 1.975051] [1.433007, 1.543238]
793        [1.873742, 1.975051] [1.543238, 1.653470]
794        [1.873742, 1.975051] [1.653470, 1.763701]
795        [1.873742, 1.975051] [1.763701, 1.873932]
796        [1.873742, 1.975051] [1.873932, 1.984164]
797        [1.873742, 1.975051] [1.984164, 2.094395]
798        [1.873742, 1.975051] [2.094395, 2.204626]
799        [1.873742, 1.975051] [2.204626, 2.314858]
800        [1.873742, 1.975051] [2.314858, 2.425089]
801        [1.873742, 1.975051] [2.425089, 2.535320]
802        [1.873742, 1.975051] [2.535320, 2.645552]
803        [1.873742, 1.975051] [2.645552, 2.755783]
804        [1.873742, 1.975051] [2.755783, 2.866014]
805        [1.873742, 1.975051] [2.866014, 2.976246]
806        [1.873742, 1.975051] [2.976246, 3.086477]
807        [1.873742, 1.975051] [3.086477, 3.196708]
808        [1.873742, 1.975051] [3.196708, 3.306940]
809        [1.873742, 1.975051] [3.306940, 3.417171]
810        [1.873742, 1.975051] [3.417171, 3.527402]
811        [1.873742, 1.975051] [3.527402, 3.637634]
812        [1.873742, 1.975051] [3.637634, 3.747865]
813        [1.873742, 1.975051] [3.747865, 3.858096]
814        [1.873742, 1.975051] [3.858096, 3.968328]
815        [1.873742, 1.975051] [3.968328, 4.078559]
816        [1.873742, 1.975051] [4.078559, 4.188790]
817        [1.873742, 1.975051] [4.188790, 4.299022]
818        [1.873742, 1.975051] [4.299022, 4.409253]
819        [1.873742, 1.975051] [4.409253, 4.519484]
820        [1.873742, 1.975051] [4.519484, 4.629715]
821        [1.873742, 1.975051] [4.629715, 4.739947]
822        [1.873742, 1.975051] [4.739947, 4.850178]
823        [1.873742, 1.975051] [4.850178, 4.960409]
824        [1.873742, 1.975051] [4.960409, 5.070641]
825        [1.873742, 1.975051] [5.070641, 5.180872]
826        [1.873742, 1.975051] [5.180872, 5.291103]
827        [1.873742, 1.975051] [5.291103, 5.401335]
828        [1.873742, 1.975051] [5.401335, 5.511566]
829        [1.873742, 1.975051] [5.511566, 5.621797]
830        [1.873742, 1.975051] [5.621797, 5.732029]
831        [1.873742, 1.975051] [5.732029, 5.842260]
832        [1.873742, 1.975051] [5.842260, 5.952491]
833        [1.873742, 1.975051] [5.952491, 6.062723]
834        [1.873742, 1.975051] [6.062723, 6.172954]
835        [1.873742, 1.975051] [6.172954, 6.283185]
836        [1.975051, 2.075255] [0.000000, 0.116355]
837        [1.975051, 2.075255] [0.116355, 0.232711]
838        [1.975051, 2.075255] [0.232711, 0.349066]
839        [1.975051, 2.075255] [0.349066, 0.465421]
840        [1.975051, 2.075255] [0.465421, 0.581776]
841        [1.975051, 2.075255] [0.581776, 0.698132]
842        [1.975051, 2.075255] [0.698132, 0.814487]
843        [1.975051, 2.075255] [0.814487, 0.930842]
844        [1.975051, 2.075255] [0.930842, 1.047198]
845        [1.975051, 2.075255] [1.047198, 1.163553]
846        [1.975051, 2.075255] [1.163553, 1.279908]
847        [1.975051, 2.075255] [1.279908, 1.396263]
848        [1.975051, 2.075255] [1.396263, 1.512619]
849        [1.975051, 2.075255] [1.512619, 1.628974]
850        [1.975051, 2.075255] [1.628974, 1.745329]
851        [1.975051, 2.075255] [1.745329, 1.861685]
852        [1.975051, 2.075255] [1.861685, 1.978040]
853        [1.975051, 2.075255] [1.978040, 2.094395]
854        [1.975051, 2.075255] [2.094395, 2.210750]
855        [1.975051, 2.075255] [2.210750, 2.327106]
856        [1.975051, 2.075255] [2.327106, 2.443461]
857        [1.975051, 2.075255] [2.443461, 2.559816]
858        [1.975051, 2.075255] [2.559816, 2.676172]
859        [1.975051, 2.075255] [2.676172, 2.792527]
860        [1.975051, 2.075255] [2.792527, 2.908882]
861        [1.975051, 2.075255] [2.908882, 3.025237]
862        [1.975051, 2.075255] [3.025237, 3.141593]
863        [1.975051, 2.075255] [3.141593, 3.257948]
864        [1.975051, 2.075255] [3.257948, 3.374303]
865        [1.975051, 2.075255] [3.374303, 3.490659]
866        [1.975051, 2.075255] [3.490659, 3.607014]
867        [1.975051, 2.075255] [3.607014, 3.723369]
868        [1.975051, 2.075255] [3.723369, 3.839724]
869        [1.975051, 2.075255] [3.839724, 3.956080]
870        [1.975051, 2.075255] [3.956080, 4.072435]
871        [1.975051, 2.075255] [4.072435, 4.188790]
872        [1.975051, 2.075255] [4.188790, 4.305145]
873        [1.975051, 2.075255] [4.305145, 4.421501]
874        [1.975051, 2.075255] [4.421501, 4.537856]
875        [1.975051, 2.075255] [4.537856, 4.654211]
876        [1.975051, 2.075255] [4.654211, 4.770567]
877        [1.975051, 2.075255] [4.770567, 4.886922]
878        [1.975051, 2.075255] [4.886922, 5.003277]
879        [1.975051, 2.075255] [5.003277, 5.119632]
880        [1.975051, 2.075255] [5.119632, 5.235988]
881        [1.975051, 2.075255] [5.235988, 5.352343]
882        [1.975051, 2.075255] [5.352343, 5.468698]
883        [1.975051, 2.075255] [5.468698, 5.585054]
884        [1.975051, 2.075255] [5.585054, 5.701409]
885        [1.975051, 2.075255] [5.701409, 5.817764]
886        [1.975051, 2.075255] [5.817764, 5.934119]
887        [1.975051, 2.075255] [5.934119, 6.050475]
888        [1.975051, 2.075255] [6.050475, 6.166830]
889        [1.975051, 2.075255] [6.166830, 6.283185]
890        [2.075255, 2.175275] [0.000000, 0.123200]
891        [2.075255, 2.175275] [0.123200, 0.246399]
892        [2.075255, 2.175275] [0.246399, 0.369599]
893        [2.075255, 2.175275] [0.369599, 0.492799]
894        [2.075255, 2.175275] [0.492799, 0.615999]
895        [2.075255, 2.175275] [0.615999, 0.739198]
896        [2.075255, 2.175275] [0.739198, 0.862398]
897        [2.075255, 2.175275] [0.862398, 0.985598]
898        [2.075255, 2.175275] [0.985598, 1.108797]
899        [2.075255, 2.175275] [1.108797, 1.231997]
900        [2.075255, 2.175275] [1.231997, 1.355197]
901        [2.075255, 2.175275] [1.355197, 1.478397]
902        [2.075255, 2.175275] [1.478397, 1.601596]
903        [2.075255, 2.175275] [1.601596, 1.724796]
904        [2.075255, 2.175275] [1.724796, 1.847996]
905        [2.075255, 2.175275] [1.847996, 1.971195]
906        [2.075255, 2.175275] [1.971195, 2.094395]
907        [2.075255, 2.175275] [2.094395, 2.217595]
908        [2.075255, 2.175275] [2.217595, 2.340795]
909        [2.075255, 2.175275] [2.340795, 2.463994]
910        [2.075255, 2.175275] [2.463994, 2.587194]
911        [2.075255, 2.175275] [2.587194, 2.710394]
912        [2.075255, 2.175275] [2.710394, 2.833593]
913        [2.075255, 2.175275] [2.833593, 2.956793]
914        [2.075255, 2.175275] [2.956793, 3.079993]
915        [2.075255, 2.175275] [3.079993, 3.203193]
916        [2.075255, 2.175275] [3.203193, 3.326392]
917        [2.075255, 2.175275] [3.326392, 3.449592]
918        [2.075255, 2.175275] [3.449592, 3.572792]
919        [2.075255, 2.175275] [3.572792, 3.695991]
920        [2.075255, 2.175275] [3.695991, 3.819191]
921        [2.075255, 2.175275] [3.819191, 3.942391]
922        [2.075255, 2.175275] [3.942391, 4.065590]
923        [2.075255, 2.175275] [4.065590, 4.188790]
924        [2.075255, 2.175275] [4.188790, 4.311990]
925        [2.075255, 2.175275] [4.311990, 4.435190]
926        [2.075255, 2.175275] [4.435190, 4.558389]
927        [2.075255, 2.175275] [4.558389, 4.681589]
928        [2.075255, 2.175275] [4.681589, 4.804789]
929        [2.075255, 2.175275] [4.804789, 4.927988]
930        [2.075255, 2.175275] [4.927988, 5.051188]
931        [2.075255, 2.175275] [5.051188, 5.174388]
932        [2.075255, 2.175275] [5.174388, 5.297588]
933        [2.075255, 2.175275] [5.297588, 5.420787]
934        [2.075255, 2.175275] [5.420787, 5.543987]
935        [2.075255, 2.175275] [5.543987, 5.667187]
936        [2.075255, 2.175275] [5.667187, 5.790386]
937        [2.075255, 2.175275] [5.790386, 5.913586]
938        [2.075255, 2.175275] [5.913586, 6.036786]
939        [2.075255, 2.175275] [6.036786, 6.159986]
940        [2.075255, 2.175275] [6.159986, 6.283185]
941        [2.175275, 2.276190] [0.000000, 0.130900]
942        [2.175275, 2.276190] [0.130900, 0.261799]
943        [2.175275, 2.276190] [0.261799, 0.392699]
944        [2.175275, 2.276190] [0.392699, 0.523599]
945        [2.175275, 2.276190] [0.523599, 0.654498]
946        [2.175275, 2.276190] [0.654498, 0.785398]
947        [2.175275, 2.276190] [0.785398, 0.916298]
948        [2.175275, 2.276190] [0.916298, 1.047198]
949        [2.175275, 2.276190] [1.047198, 1.178097]
950        [2.175275, 2.276190] [1.178097, 1.308997]
951        [2.175275, 2.276190] [1.308997, 1.439897]
952        [2.175275, 2.276190] [1.439897, 1.570796]
953        [2.175275, 2.276190] [1.570796, 1.701696]
954        [2.175275, 2.276190] [1.701696, 1.832596]
955        [2.175275, 2.276190] [1.832596, 1.963495]
956        [2.175275, 2.276190] [1.963495, 2.094395]
957        [2.175275, 2.276190] [2.094395, 2.225295]
958        [2.175275, 2.276190] [2.225295, 2.356194]
959        [2.175275, 2.276190] [2.356194, 2.487094]
960        [2.175275, 2.276190] [2.487094, 2.617994]
961        [2.175275, 2.276190] [2.617994, 2.748894]
962        [2.175275, 2.276190] [2.748894, 2.879793]
963        [2.175275, 2.276190] [2.879793, 3.010693]
964        [2.175275, 2.276190] [3.010693, 3.141593]
965        [2.175275, 2.276190] [3.141593, 3.272492]
966        [2.175275, 2.276190] [3.272492, 3.403392]
967        [2.175275, 2.276190] [3.403392, 3.534292]
968        [2.175275, 2.276190] [3.534292, 3.665191]
969        [2.175275, 2.276190] [3.665191, 3.796091]
970        [2.175275, 2.276190] [3.796091, 3.926991]
971        [2.175275, 2.276190] [3.926991, 4.057891]
972        [2.175275, 2.276190] [4.057891, 4.188790]
973        [2.175275, 2.276190] [4.188790, 4.319690]
974        [2.175275, 2.276190] [4.319690, 4.450590]
975        [2.175275, 2.276190] [4.450590, 4.581489]
976        [2.175275, 2.276190] [4.581489, 4.712389]
977        [2.175275, 2.276190] [4.712389, 4.843289]
978        [2.175275, 2.276190] [4.843289, 4.974188]
979        [2.175275, 2.276190] [4.974188, 5.105088]
980        [2.175275, 2.276190] [5.105088, 5.235988]
981        [2.175275, 2.276190] [5.235988, 5.366887]
982        [2.175275, 2.276190] [5.366887, 5.497787]
983        [2.175275, 2.276190] [5.497787, 5.628687]
984        [2.175275, 2.276190] [5.628687, 5.759587]
985        [2.175275, 2.276190] [5.759587, 5.890486]
986        [2.175275, 2.276190] [5.890486, 6.021386]
987        [2.175275, 2.276190] [6.021386, 6.152286]
988        [2.175275, 2.276190] [6.152286, 6.283185]
989        [2.276190, 2.377003] [0.000000, 0.142800]
990        [2.276190, 2.377003] [0.142800, 0.285599]
991        [2.276190, 2.377003] [0.285599, 0.428399]
992        [2.276190, 2.377003] [0.428399, 0.571199]
993        [2.276190, 2.377003] [0.571199, 0.713998]
994        [2.276190, 2.377003] [0.713998, 0.856798]
995        [2.276190, 2.377003] [0.856798, 0.999598]
996        [2.276190, 2.377003] [0.999598, 1.142397]
997        [2.276190, 2.377003] [1.142397, 1.285197]
998        [2.276190, 2.377003] [1.285197, 1.427997]
999        [2.276190, 2.377003] [1.427997, 1.570796]
1000       [2.276190, 2.377003] [1.570796, 1.713596]
1001       [2.276190, 2.377003] [1.713596, 1.856396]
1002       [2.276190, 2.377003] [1.856396, 1.999195]
1003       [2.276190, 2.377003] [1.999195, 2.141995]
1004       [2.276190, 2.377003] [2.141995, 2.284795]
1005       [2.276190, 2.377003] [2.284795, 2.427594]
1006       [2.276190, 2.377003] [2.427594, 2.570394]
1007       [2.276190, 2.377003] [2.570394, 2.713194]
1008       [2.276190, 2.377003] [2.713194, 2.855993]
1009       [2.276190, 2.377003] [2.855993, 2.998793]
1010       [2.276190, 2.377003] [2.998793, 3.141593]
1011       [2.276190, 2.377003] [3.141593, 3.284392]
1012       [2.276190, 2.377003] [3.284392, 3.427192]
1013       [2.276190, 2.377003] [3.427192, 3.569992]
1014       [2.276190, 2.377003] [3.569992, 3.712791]
1015       [2.276190, 2.377003] [3.712791, 3.855591]
1016       [2.276190, 2.377003] [3.855591, 3.998391]
1017       [2.276190, 2.377003] [3.998391, 4.141190]
1018       [2.276190, 2.377003] [4.141190, 4.283990]
1019       [2.276190, 2.377003] [4.283990, 4.426790]
1020       [2.276190, 2.377003] [4.426790, 4.569589]
1021       [2.276190, 2.377003] [4.569589, 4.712389]
1022       [2.276190, 2.377003] [4.712389, 4.855189]
1023       [2.276190, 2.377003] [4.855189, 4.997988]
1024       [2.276190, 2.377003] [4.997988, 5.140788]
1025       [2.276190, 2.377003] [5.140788, 5.283588]
1026       [2.276190, 2.377003] [5.283588, 5.426387]
1027       [2.276190, 2.377003] [5.426387, 5.569187]
1028       [2.276190, 2.377003] [5.569187, 5.711987]
1029       [2.276190, 2.377003] [5.711987, 5.854786]
1030       [2.276190, 2.377003] [5.854786, 5.997586]
1031       [2.276190, 2.377003] [5.997586, 6.140386]
1032       [2.276190, 2.377003] [6.140386, 6.283185]
1033       [2.377003, 2.478892] [0.000000, 0.157080]
1034       [2.377003, 2.478892] [0.157080, 0.314159]
1035       [2.377003, 2.478892] [0.314159, 0.471239]
1036       [2.377003, 2.478892] [0.471239, 0.628319]
1037       [2.377003, 2.478892] [0.628319, 0.785398]
1038       [2.377003, 2.478892] [0.785398, 0.942478]
1039       [2.377003, 2.478892] [0.942478, 1.099557]
1040       [2.377003, 2.478892] [1.099557, 1.256637]
1041       [2.377003, 2.478892] [1.256637, 1.413717]
1042       [2.377003, 2.478892] [1.413717, 1.570796]
1043       [2.377003, 2.478892] [1.570796, 1.727876]
1044       [2.377003, 2.478892] [1.727876, 1.884956]
1045       [2.377003, 2.478892] [1.884956, 2.042035]
1046       [2.377003, 2.478892] [2.042035, 2.199115]
1047       [2.377003, 2.478892] [2.199115, 2.356194]
1048       [2.377003, 2.478892] [2.356194, 2.513274]
1049       [2.377003, 2.478892] [2.513274, 2.670354]
1050       [2.377003, 2.478892] [2.670354, 2.827433]
1051       [2.377003, 2.478892] [2.827433, 2.984513]
1052       [2.377003, 2.478892] [2.984513, 3.141593]
1053       [2.377003, 2.478892] [3.141593, 3.298672]
1054       [2.377003, 2.478892] [3.298672, 3.455752]
1055       [2.377003, 2.478892] [3.455752, 3.612832]
1056       [2.377003, 2.478892] [3.612832, 3.769911]
1057       [2.377003, 2.478892] [3.769911, 3.926991]
1058       [2.377003, 2.478892] [3.926991, 4.084070]
1059       [2.377003, 2.478892] [4.084070, 4.241150]
1060       [2.377003, 2.478892] [4.241150, 4.398230]
1061       [2.377003, 2.478892] [4.398230, 4.555309]
1062       [2.377003, 2.478892] [4.555309, 4.712389]
1063       [2.377003, 2.478892] [4.712389, 4.869469]
1064       [2.377003, 2.478892] [4.869469, 5.026548]
1065       [2.377003, 2.478892] [5.026548, 5.183628]
1066       [2.377003, 2.478892] [5.183628, 5.340708]
1067       [2.377003, 2.478892] [5.340708, 5.497787]
1068       [2.377003, 2.478892] [5.497787, 5.654867]
1069       [2.377003, 2.478892] [5.654867, 5.811946]
1070       [2.377003, 2.478892] [5.811946, 5.969026]
1071       [2.377003, 2.478892] [5.969026, 6.126106]
1072       [2.377003, 2.478892] [6.126106, 6.283185]
1073       [2.478892, 2.580486] [0.000000, 0.179520]
1074       [2.478892, 2.580486] [0.179520, 0.359039]
1075       [2.478892, 2.580486] [0.359039, 0.538559]
1076       [2.478892, 2.580486] [0.538559, 0.718078]
1077       [2.478892, 2.580486] [0.718078, 0.897598]
1078       [2.478892, 2.580486] [0.897598, 1.077117]
1079       [2.478892, 2.580486] [1.077117, 1.256637]
1080       [2.478892, 2.580486] [1.256637, 1.436157]
1081       [2.478892, 2.580486] [1.436157, 1.615676]
1082       [2.478892, 2.580486] [1.615676, 1.795196]
1083       [2.478892, 2.580486] [1.795196, 1.974715]
1084       [2.478892, 2.580486] [1.974715, 2.154235]
1085       [2.478892, 2.580486] [2.154235, 2.333755]
1086       [2.478892, 2.580486] [2.333755, 2.513274]
1087       [2.478892, 2.580486] [2.513274, 2.692794]
1088       [2.478892, 2.580486] [2.692794, 2.872313]
1089       [2.478892, 2.580486] [2.872313, 3.051833]
1090       [2.478892, 2.580486] [3.051833, 3.231352]
1091       [2.478892, 2.580486] [3.231352, 3.410872]
1092       [2.478892, 2.580486] [3.410872, 3.590392]
1093       [2.478892, 2.580486] [3.590392, 3.769911]
1094       [2.478892, 2.580486] [3.769911, 3.949431]
1095       [2.478892, 2.580486] [3.949431, 4.128950]
1096       [2.478892, 2.580486] [4.128950, 4.308470]
1097       [2.478892, 2.580486] [4.308470, 4.487990]
1098       [2.478892, 2.580486] [4.487990, 4.667509]
1099       [2.478892, 2.580486] [4.667509, 4.847029]
1100       [2.478892, 2.580486] [4.847029, 5.026548]
1101       [2.478892, 2.580486] [5.026548, 5.206068]
1102       [2.478892, 2.580486] [5.206068, 5.385587]
1103       [2.478892, 2.580486] [5.385587, 5.565107]
1104       [2.478892, 2.580486] [5.565107, 5.744627]
1105       [2.478892, 2.580486] [5.744627, 5.924146]
1106       [2.478892, 2.580486] [5.924146, 6.103666]
1107       [2.478892, 2.580486] [6.103666, 6.283185]
1108       [2.580486, 2.679228] [0.000000, 0.216662]
1109       [2.580486, 2.679228] [0.216662, 0.433323]
1110       [2.580486, 2.679228] [0.433323, 0.649985]
1111       [2.580486, 2.679228] [0.649985, 0.866646]
1112       [2.580486, 2.679228] [0.866646, 1.083308]
1113       [2.580486, 2.679228] [1.083308, 1.299969]
1114       [2.580486, 2.679228] [1.299969, 1.516631]
1115       [2.580486, 2.679228] [1.516631, 1.733292]
1116       [2.580486, 2.679228] [1.733292, 1.949954]
1117       [2.580486, 2.679228] [1.949954, 2.166616]
1118       [2.580486, 2.679228] [2.166616, 2.383277]
1119       [2.580486, 2.679228] [2.383277, 2.599939]
1120       [2.580486, 2.679228] [2.599939, 2.816600]
1121       [2.580486, 2.679228] [2.816600, 3.033262]
1122       [2.580486, 2.679228] [3.033262, 3.249923]
1123       [2.580486, 2.679228] [3.249923, 3.466585]
1124       [2.580486, 2.679228] [3.466585, 3.683247]
1125       [2.580486, 2.679228] [3.683247, 3.899908]
1126       [2.580486, 2.679228] [3.899908, 4.116570]
1127       [2.580486, 2.679228] [4.116570, 4.333231]
1128       [2.580486, 2.679228] [4.333231, 4.549893]
1129       [2.580486, 2.679228] [4.549893, 4.766554]
1130       [2.580486, 2.679228] [4.766554, 4.983216]
1131       [2.580486, 2.679228] [4.983216, 5.199877]
1132       [2.580486, 2.679228] [5.199877, 5.416539]
1133       [2.580486, 2.679228] [5.416539, 5.633201]
1134       [2.580486, 2.679228] [5.633201, 5.849862]
1135       [2.580486, 2.679228] [5.849862, 6.066524]
1136       [2.580486, 2.679228] [6.066524, 6.283185]
1137       [2.679228, 2.779055] [0.000000, 0.261799]
1138       [2.679228, 2.779055] [0.261799, 0.523599]
1139       [2.679228, 2.779055] [0.523599, 0.785398]
1140       [2.679228, 2.779055] [0.785398, 1.047198]
1141       [2.679228, 2.779055] [1.047198, 1.308997]
1142       [2.679228, 2.779055] [1.308997, 1.570796]
1143       [2.679228, 2.779055] [1.570796, 1.832596]
1144       [2.679228, 2.779055] [1.832596, 2.094395]
1145       [2.679228, 2.779055] [2.094395, 2.356194]
1146       [2.679228, 2.779055] [2.356194, 2.617994]
1147       [2.679228, 2.779055] [2.617994, 2.879793]
1148       [2.679228, 2.779055] [2.879793, 3.141593]
1149       [2.679228, 2.779055] [3.141593, 3.403392]
1150       [2.679228, 2.779055] [3.403392, 3.665191]
1151       [2.679228, 2.779055] [3.665191, 3.926991]
1152       [2.679228, 2.779055] [3.926991, 4.188790]
1153       [2.679228, 2.779055] [4.188790, 4.450590]
1154       [2.679228, 2.779055] [4.450590, 4.712389]
1155       [2.679228, 2.779055] [4.712389, 4.974188]
1156       [2.679228, 2.779055] [4.974188, 5.235988]
1157       [2.679228, 2.779055] [5.235988, 5.497787]
1158       [2.679228, 2.779055] [5.497787, 5.759587]
1159       [2.679228, 2.779055] [5.759587, 6.021386]
1160       [2.679228, 2.779055] [6.021386, 6.283185]
1161       [2.779055, 2.882671] [0.000000, 0.330694]
1162       [2.779055, 2.882671] [0.330694, 0.661388]
1163       [2.779055, 2.882671] [0.661388, 0.992082]
1164       [2.779055, 2.882671] [0.992082, 1.322776]
1165       [2.779055, 2.882671] [1.322776, 1.653470]
1166       [2.779055, 2.882671] [1.653470, 1.984164]
1167       [2.779055, 2.882671] [1.984164, 2.314858]
1168       [2.779055, 2.882671] [2.314858, 2.645552]
1169       [2.779055, 2.882671] [2.645552, 2.976246]
1170       [2.779055, 2.882671] [2.976246, 3.306940]
1171       [2.779055, 2.882671] [3.306940, 3.637634]
1172       [2.779055, 2.882671] [3.637634, 3.968328]
1173       [2.779055, 2.882671] [3.968328, 4.299022]
1174       [2.779055, 2.882671] [4.299022, 4.629715]
1175       [2.779055, 2.882671] [4.629715, 4.960409]
1176       [2.779055, 2.882671] [4.960409, 5.291103]
1177       [2.779055, 2.882671] [5.291103, 5.621797]
1178       [2.779055, 2.882671] [5.621797, 5.952491]
1179       [2.779055, 2.882671] [5.952491, 6.283185]
1180       [2.882671, 2.978111] [0.000000, 0.523599]
1181       [2.882671, 2.978111] [0.523599, 1.047198]
1182       [2.882671, 2.978111] [1.047198, 1.570796]
1183       [2.882671, 2.978111] [1.570796, 2.094395]
1184       [2.882671, 2.978111] [2.094395, 2.617994]
1185       [2.882671, 2.978111] [2.617994, 3.141593]
1186       [2.882671, 2.978111] [3.141593, 3.665191]
1187       [2.882671, 2.978111] [3.665191, 4.188790]
1188       [2.882671, 2.978111] [4.188790, 4.712389]
1189       [2.882671, 2.978111] [4.712389, 5.235988]
1190       [2.882671, 2.978111] [5.235988, 5.759587]
1191       [2.882671, 2.978111] [5.759587, 6.283185]
1192       [2.978111, 3.083850] [0.000000, 0.897598]
1193       [2.978111, 3.083850] [0.897598, 1.795196]
1194       [2.978111, 3.083850] [1.795196, 2.692794]
1195       [2.978111, 3.083850] [2.692794, 3.590392]
1196       [2.978111, 3.083850] [3.590392, 4.487990]
1197       [2.978111, 3.083850] [4.487990, 5.385587]
1198       [2.978111, 3.083850] [5.385587, 6.283185]
1199       [3.083850, 3.141593] [0.000000, 6.283185]
